0
1
7
16
18
20
23
24
26
39
41
52
56
58
60
61
62
66
71
73
77
87
97
102
110
119
120
121
122
124
126
130
134
139
140
146
147
151
154
155
159
170
171
186
226
231
242
254
256
262
264
270
277
278
285
312
316
317
318
337
351
355
356
367
372
381
428
433
460
468
477
479
482
483
498
519
540
543
559
567
568
570
573
575
577
580
591
596
597
625
636
638
642
643
644
645
650
651
652
653
654
655
656
661
664
665
666
671
672
673
674
675
676
677
679
681
684
686
687
690
693
696
698
701
702
704
708
712
713
714
717
718
722
726
727
728
730
739
744
746
747
754
755
756
762
765
772
773
776
777
779
782
783
784
788
792
793
800
801
806
813
818
819
823
824
825
827
828
829
830
832
837
838
841
844
857
866
867
869
870
874
885
889
891
893
894
897
901
904
905
908
912
920
921
923
926
931
934
936
937
938
940
941
948
954
956
962
963
964
967
968
973
983
984
996
1005
1020
1032
1047
1051
1060
1061
1064
1072
1073
1074
1081
1083
1093
1096
1101
1105
1107
1109
1113
1115
1121
1137
1142
1143
1164
1173
1183
1185
1186
1190
1202
1203
1206
1207
1214
1216
1219
1231
1244
1245
1261
1264
1265
1278
1283
1295
1296
1297
1299
1300
1316
1327
1328
1349
1350
1371
1373
1379
1416
1417
1422
1433
1434
1440
1449
1452
1472
1475
1479
1482
1489
1492
1493
1494
1495
1496
1497
1502
1503
1507
1511
1517
1527
1546
1555
1574
1577
1585
1589
1597
1614
1618
1634
1642
1686
1701
1716
1729
1737
1739
1742
1747
1760
1761
1768
1771
1776
1777
1789
1792
1793
1794
1798
1801
1813
1816
1817
1820
1822
1837
1839
1895
1902
1903
1904
1916
1929
1930
1971
1975
1982
1984
1986
1990
2002
2017
2019
2022
2023
2024
2025
2027
2033
2036
2038
2040
2042
2047
2049
2052
2054
2057
2059
2061
2062
2064
2065
2066
2069
2070
2073
2074
2075
2076
2077
2080
2081
2085
2088
2089
2090
2091
2103
2104
2106
2107
2108
2109
2110
2111
2114
2116
2119
2122
2123
2124
2127
2132
2138
2142
2144
2148
2149
2150
2151
2157
2158
2161
2164
2165
2169
2170
2171
2174
2176
2177
2180
2185
2190
2192
2194
2197
2199
2200
2201
2202
2203
2204
2205
2212
2215
2216
2217
2218
2219
2220
2222
2223
2225
2231
2233
2234
2239
2241
2243
2249
2250
2259
2260
2262
2263
2265
2266
2268
2270
2274
2281
2282
2283
2284
2287
2289
2294
2295
2296
2302
2310
2311
2313
2314
2316
2320
2321
2323
2324
2329
2333
2336
2337
2339
2340
2341
2344
2351
2354
2355
2356
2357
2359
2360
2373
2385
2386
2390
2393
2394
2395
2397
2404
2409
2413
2415
2416
2421
2424
2428
2447
2480
2483
2496
2497
2502
2512
2515
2518
2535
2557
2568
2569
2584
2586
2597
2598
2599
2600
2601
2603
2605
2606
2613
2614
2615
2618
2619
2620
2621
2622
2625
2626
2627
2628
2629
2631
2634
2635
2636
2642
2643
2646
2648
2651
2652
2653
2655
2656
2658
2668
2686
2689
2690
2691
2697
2698
2704
2719
2722
2728
2760
2772
2774
2777
2782
2788
2796
2823
2824
2825
2827
2830
2832
2833
2834
2835
2838
2842
2848
2855
2858
2860
2862
2864
2867
2872
2876
2877
2887
2892
2903
2904
2911
2914
2944
2945
2947
2950
2951
2952
2953
2954
2955
2957
2969
2977
2998
3009
3015
3017
3019
3020
3021
3027
3037
3044
3047
3050
3055
3057
3058
3065
3071
3077
3091
3092
3094
3099
3105
3113
3114
3139
3150
3151
3153
3155
3156
3157
3158
3162
3164
3168
3171
3174
3177
3179
3181
3185
3188
3197
3198
3204
3209
3210
3217
3219
3220
3221
3223
3224
3225
3229
3235
3238
3241
3244
3245
3246
3249
3250
3252
3257
3258
3260
3261
3286
3288
3289
3291
3292
3296
3301
3306
3310
3318
3325
3327
3328
3329
3332
3333
3334
3336
3338
3343
3344
3346
3350
3351
3352
3354
3362
3363
3365
3366
3369
3372
3377
3383
3384
3386
3395
3397
3404
3409
3410
3411
3412
3414
3422
3425
3431
3432
3433
3434
3441
3442
3443
3446
3448
3453
3455
3456
3457
3459
3460
3461
3466
3469
3471
3472
3476
3480
3482
3484
3495
3496
3497
3500
3504
3507
3509
3511
3521
3522
3524
3526
3528
3530
3531
3543
3544
3549
3550
3551
3553
3555
3557
3558
3559
3562
3565
3570
3572
3573
3575
3576
3577
3580
3581
3585
3594
3595
3614
3617
3625
3626
3627
3628
3629
3630
3638
3644
3649
3650
